m= 0.08;
R= 0.02;
r1= 0.01;
f1= 0.0003;
f2=0.0003;
J1= 0.0001;
J2=0.0001;
d= 0.04;
IZ= 0.00588;